diningtable 59.03 84.08 224.00 224.00
chair 207.69 150.01 224.00 224.00
chair 0.00 146.64 40.86 224.00
person 0.00 73.99 67.77 224.00
person 2.52 73.99 65.75 172.88
person 36.16 69.29 74.50 150.68
person 61.05 61.21 104.10 127.81
person 82.57 68.61 108.80 103.59
person 32.12 26.23 60.37 85.43
person 116.20 56.50 153.20 86.77
person 169.35 58.52 192.22 69.96
person 197.60 57.18 218.45 72.65
person 146.47 85.43 224.00 223.33
person 169.35 69.29 224.00 132.52
person 164.64 63.90 200.96 120.41
person 165.31 67.27 184.14 102.92
