pottedplant 0.00 94.81 8.28 127.11
pottedplant 8.28 94.81 37.45 127.11
pottedplant 152.06 60.43 185.40 108.35
pottedplant 180.19 61.47 213.53 98.98
pottedplant 208.32 52.09 224.00 90.64
pottedplant 217.69 131.27 224.00 161.49
pottedplant 85.38 107.31 120.80 145.86
pottedplant 28.07 102.10 83.29 146.90
pottedplant 0.00 125.02 30.16 154.20
pottedplant 188.52 156.28 220.82 193.79
pottedplant 156.22 164.61 188.52 197.95
pottedplant 132.26 145.86 159.35 185.45
pottedplant 88.50 144.82 129.13 191.70
pottedplant 71.83 157.32 90.59 183.37
pottedplant 35.37 158.36 74.96 195.87
pottedplant 3.07 153.15 35.37 195.87
pottedplant 0.00 159.40 7.24 221.92
