bottle 19.15 89.60 39.46 156.50
bottle 41.85 89.60 62.75 145.75
bottle 65.14 91.39 81.87 139.78
bottle 81.87 90.20 100.98 136.19
bottle 103.37 93.78 117.71 143.36
bottle 118.90 91.39 133.84 155.31
bottle 135.03 92.59 151.76 157.10
bottle 151.76 93.78 169.68 158.89
bottle 171.47 94.38 187.00 158.89
bottle 187.60 97.37 207.91 160.68
bottle 87.84 143.96 129.66 223.40
bottle 124.28 156.50 163.70 224.00
person 0.00 20.91 35.28 114.69
person 43.04 13.14 71.12 71.68
person 135.63 38.23 186.40 102.74
person 66.34 57.34 120.10 118.87
person 140.41 68.10 187.00 121.86
person 185.81 40.62 218.06 103.94
person 161.31 36.44 195.36 96.17
person 60.37 26.28 128.46 100.35
person 222.84 44.20 224.00 91.39
person 210.89 47.19 224.00 84.82
person 35.28 43.01 69.33 84.82
