bicycle 102.60 107.98 136.81 170.35
bicycle 133.46 106.63 162.29 159.62
bicycle 162.29 96.57 179.06 147.54
bicycle 60.35 118.04 95.23 185.77
bicycle 0.66 85.17 23.47 119.38
person 100.59 63.71 132.78 150.23
person 132.11 67.07 160.28 142.18
person 0.66 61.03 22.13 112.67
person 148.88 59.02 171.68 101.94
person 177.72 57.01 198.51 132.79
person 197.17 54.32 210.58 128.10
person 166.32 54.99 185.77 125.41
person 33.53 54.99 48.28 105.29
person 107.30 54.32 113.34 67.07
person 97.24 48.96 104.62 61.03
person 87.85 51.64 101.26 77.80
person 18.10 56.34 35.54 105.29
