motorbike 67.53 133.21 100.98 192.34
motorbike 33.49 135.59 70.52 176.81
person 0.00 123.65 7.80 169.64
person 6.61 124.84 22.73 169.64
person 11.98 118.87 22.73 163.07
person 19.15 114.69 31.69 168.45
person 33.49 112.30 68.13 178.01
person 68.13 106.33 105.17 189.35
person 109.94 121.86 126.67 185.77
person 133.84 123.05 146.98 182.19
person 144.59 121.86 158.33 182.19
dog 147.58 163.07 176.85 185.77
person 160.12 129.62 175.65 171.43
person 179.23 130.22 197.15 182.19
person 198.35 131.41 210.30 183.98
person 210.30 118.27 224.00 183.38
person 168.48 120.06 181.62 181.59
