sheep 132.16 76.61 201.60 129.47
sheep 106.62 66.30 173.38 83.33
sheep 120.96 63.17 189.06 79.74
sheep 33.15 59.14 102.14 122.75
sheep 0.45 48.38 30.91 91.39
sheep 46.59 47.94 88.70 58.69
sheep 103.94 49.28 131.71 62.72
sheep 91.84 44.80 149.63 61.38
sheep 84.67 77.95 137.98 133.50
sheep 194.88 50.18 220.86 64.96
sheep 3.58 56.90 62.27 105.73
sheep 165.31 47.04 187.71 63.17
sheep 184.58 61.82 210.11 112.90
sheep 135.30 49.28 166.21 66.75
sheep 55.55 56.00 66.75 68.99
sheep 29.12 50.62 52.42 61.82
