bottle 109.03 111.37 117.89 146.80
bottle 136.24 108.20 145.10 143.01
bottle 142.56 117.69 150.16 137.94
bottle 119.15 130.98 131.81 180.34
bottle 82.45 132.25 89.41 151.23
bottle 79.92 144.90 89.41 167.05
bottle 64.10 169.58 77.39 207.55
person 100.17 84.16 154.59 131.62
person 50.81 92.38 78.02 146.17
person 22.34 91.12 54.61 168.32
person 0.00 103.14 30.56 182.24
person 0.00 98.08 21.71 208.81
person 169.77 81.63 203.31 149.33
person 221.03 82.89 224.00 109.47
person 167.88 83.53 224.00 194.89
person 178.63 99.98 224.00 218.31
diningtable 8.42 131.62 197.62 224.00
bottle 149.53 160.72 162.18 199.32
