bottle 105.17 82.43 117.71 129.62
bottle 118.31 92.59 133.24 142.76
bottle 136.82 79.45 150.56 124.84
bottle 132.64 60.33 144.59 92.59
bottle 95.01 181.59 117.71 224.00
bottle 109.94 167.25 129.06 224.00
person 0.00 59.73 70.52 224.00
person 0.00 29.87 86.05 151.72
person 57.98 34.05 103.97 118.27
person 196.56 56.75 224.00 224.00
person 179.23 43.01 224.00 160.68
person 161.31 42.41 201.34 126.63
person 149.37 23.89 175.05 83.03
person 118.90 21.50 152.35 62.72
diningtable 49.61 57.34 223.44 224.00
