chair 197.75 142.17 224.00 224.00
chair 139.21 130.82 182.82 203.09
chair 52.00 127.83 100.39 203.09
chair 53.20 122.45 87.25 193.54
chair 0.00 143.96 26.91 210.26
person 71.71 93.78 103.37 140.37
person 64.55 85.42 87.25 111.10
person 34.68 86.61 64.55 119.47
person 15.57 82.43 42.45 121.86
person 6.01 108.12 26.32 141.57
person 0.00 96.17 3.02 115.88
person 0.00 84.82 40.06 209.07
person 136.82 87.81 154.15 118.27
person 138.62 90.79 170.87 126.04
person 150.56 100.95 197.75 194.73
person 175.05 93.18 224.00 216.83
