car 50.81 101.55 72.91 116.48
car 30.50 101.55 52.60 121.26
person 167.29 109.91 176.85 132.01
person 27.51 107.52 41.85 119.47
person 47.82 105.73 60.96 136.19
person 80.08 109.31 92.62 136.19
motorbike 0.00 135.00 13.18 179.20
motorbike 21.54 139.78 55.59 184.58
motorbike 62.16 148.74 97.40 203.69
motorbike 108.75 161.88 154.15 222.21
motorbike 92.02 124.25 119.50 158.89
motorbike 10.19 127.23 32.89 163.07
person 115.92 137.39 150.56 205.48
person 68.73 132.01 94.41 187.56
person 25.12 121.86 54.39 169.64
person 0.00 117.08 12.58 167.25
person 12.58 114.09 31.69 152.92
car 185.21 117.08 224.00 193.54
person 1.83 104.53 12.58 117.67
person 95.61 113.49 114.72 149.33
